6 1
12 1 2 3 4 5 6 0
16 1 2 3 5 6 4 0
10 3 2 1 6 4 5 0
14 2 6 4 1 3 5 0
22 3 2 1 6 5 4 0
12 1 2 3 5 4 6 0
15 2 6 4 5 1 3 0
8 1 5 4 6 2 3 0
8 1 2 3 4 6 5 0
8 1 5 4 6 3 2 0
15 1 5 2 3 6 4 0
19 2 6 4 5 3 1 0
6 1 5 2 3 4 6 0
7 2 6 4 1 5 3 0
21 2 6 1 3 5 4 0
11 2 6 1 3 4 5 0
14 1 4 6 3 5 2 0
21 1 5 4 2 6 3 0
27 1 4 6 3 2 5 0
15 2 6 5 1 3 4 0
28 2 6 5 4 1 3 0
13 2 6 5 1 4 3 0
27 2 6 5 4 3 1 0
6 1 5 4 2 3 6 0
11 3 2 1 4 5 6 0
15 3 2 1 5 6 4 0
12 1 2 3 6 4 5 0
18 1 2 3 6 5 4 0
10 3 2 1 5 4 6 0
17 3 2 1 4 6 5 0
13 1 5 4 3 2 6 0
19 3 2 4 1 6 5 0
9 1 4 6 5 3 2 0
8 3 2 4 1 5 6 0
11 1 5 4 3 6 2 0
58 3 2 5 6 4 1 0
41 3 2 5 6 1 4 0
11 1 4 6 2 5 3 0
12 1 5 2 6 3 4 0
54 2 6 5 3 4 1 0
30 3 2 4 5 6 1 0
11 1 4 6 5 2 3 0
11 1 4 6 2 3 5 0
12 1 5 2 6 4 3 0
32 2 6 5 3 1 4 0
26 3 2 4 5 1 6 0
11 3 2 4 6 1 5 0
13 3 1 6 2 4 5 0
13 2 6 1 4 5 3 0
19 3 1 6 2 5 4 0
16 3 2 5 1 4 6 0
21 3 2 4 6 5 1 0
18 3 2 5 1 6 4 0
15 2 6 1 5 4 3 0
9 1 5 2 4 6 3 0
10 3 1 6 4 5 2 0
24 3 2 5 4 6 1 0
11 2 6 1 5 3 4 0
17 3 1 6 4 2 5 0
18 3 2 5 4 1 6 0
18 2 6 4 3 1 5 0
15 3 1 6 5 4 2 0
10 1 5 2 4 3 6 0
18 2 6 4 3 5 1 0
11 3 1 6 5 2 4 0
15 2 6 1 4 3 5 0
44 3 2 6 5 1 4 0
53 3 2 6 5 4 1 0
12 1 4 5 6 3 2 0
10 3 1 5 4 2 6 0
14 3 2 6 4 1 5 0
21 3 2 6 4 5 1 0
9 3 1 5 4 6 2 0
15 3 2 6 1 5 4 0
13 3 1 5 2 4 6 0
17 3 2 6 1 4 5 0
14 1 5 6 3 4 2 0
18 1 4 5 6 2 3 0
15 3 1 5 2 6 4 0
14 3 1 4 6 5 2 0
19 3 1 4 6 2 5 0
13 1 5 6 3 2 4 0
23 1 4 2 3 5 6 0
20 3 1 4 5 2 6 0
12 1 4 5 2 3 6 0
13 3 1 4 5 6 2 0
8 1 4 2 3 6 5 0
17 1 4 5 2 6 3 0
16 3 1 5 6 2 4 0
15 3 1 4 2 6 5 0
8 3 1 5 6 4 2 0
18 3 1 4 2 5 6 0
15 3 1 2 6 5 4 0
11 3 1 2 6 4 5 0
18 1 4 2 5 3 6 0
14 1 4 5 3 2 6 0
15 1 4 5 3 6 2 0
16 1 4 2 5 6 3 0
9 1 5 6 4 2 3 0
12 1 4 2 6 5 3 0
15 1 5 6 2 3 4 0
9 3 1 2 4 5 6 0
10 1 5 6 2 4 3 0
12 1 4 2 6 3 5 0
18 3 1 2 5 6 4 0
17 3 1 2 5 4 6 0
8 1 5 6 4 3 2 0
11 3 1 2 4 6 5 0
19 4 3 1 2 6 5 0
13 4 3 1 2 5 6 0
8 3 4 5 1 6 2 0
28 4 3 1 5 2 6 0
14 4 3 2 6 1 5 0
10 3 4 5 2 1 6 0
26 4 3 2 6 5 1 0
11 3 4 5 1 2 6 0
16 4 3 1 5 6 2 0
25 3 4 5 2 6 1 0
16 1 2 6 4 5 3 0
19 4 3 2 5 6 1 0
17 4 3 1 6 5 2 0
9 1 2 6 5 4 3 0
12 4 3 2 5 1 6 0
18 4 3 1 6 2 5 0
13 1 2 6 5 3 4 0
16 3 4 5 6 1 2 0
7 4 3 2 1 6 5 0
20 3 4 5 6 2 1 0
12 4 3 2 1 5 6 0
9 1 2 6 4 3 5 0
17 4 3 5 2 1 6 0
22 3 4 2 6 5 1 0
11 3 4 2 6 1 5 0
10 4 3 5 1 6 2 0
9 3 4 1 5 2 6 0
15 4 3 5 2 6 1 0
24 3 5 6 4 1 2 0
19 1 4 3 6 2 5 0
26 3 5 6 4 2 1 0
10 4 3 5 1 2 6 0
12 3 4 1 5 6 2 0
26 1 4 3 6 5 2 0
21 3 4 1 2 6 5 0
22 3 5 6 1 2 4 0
15 3 5 6 1 4 2 0
74 3 5 6 2 4 1 0
10 1 2 6 3 5 4 0
13 1 2 6 3 4 5 0
20 3 4 1 2 5 6 0
51 3 5 6 2 1 4 0
25 1 4 3 2 6 5 0
20 3 4 2 1 6 5 0
20 4 3 5 6 2 1 0
10 4 3 5 6 1 2 0
12 3 4 2 1 5 6 0
26 1 4 3 2 5 6 0
20 3 4 2 5 6 1 0
21 1 4 3 5 2 6 0
9 3 4 1 6 2 5 0
15 3 4 2 5 1 6 0
20 1 4 3 5 6 2 0
21 3 4 1 6 5 2 0
9 3 5 4 2 1 6 0
8 1 2 4 3 5 6 0
15 3 5 4 1 6 2 0
33 3 5 4 2 6 1 0
7 1 2 4 3 6 5 0
19 3 5 4 1 2 6 0
19 3 5 4 6 2 1 0
18 3 5 4 6 1 2 0
15 1 2 5 3 6 4 0
7 1 2 5 3 4 6 0
15 4 3 6 5 1 2 0
19 4 3 6 5 2 1 0
11 4 3 6 2 1 5 0
15 4 3 6 2 5 1 0
19 4 3 6 1 5 2 0
11 4 3 6 1 2 5 0
12 3 5 1 6 2 4 0
29 3 5 2 4 6 1 0
12 1 5 3 4 2 6 0
11 3 5 1 6 4 2 0
17 3 5 2 4 1 6 0
15 1 2 4 6 5 3 0
6 1 2 5 4 3 6 0
14 1 5 3 4 6 2 0
7 1 2 4 6 3 5 0
11 1 5 3 2 4 6 0
24 3 5 2 1 4 6 0
17 3 5 2 1 6 4 0
8 1 5 3 2 6 4 0
11 1 2 5 4 6 3 0
19 2 6 3 1 5 4 0
8 2 6 3 1 4 5 0
20 3 4 6 2 5 1 0
12 3 4 6 2 1 5 0
10 3 5 1 2 4 6 0
5 1 2 5 6 4 3 0
15 3 5 1 2 6 4 0
11 3 4 6 1 2 5 0
14 3 4 6 1 5 2 0
11 1 2 4 5 3 6 0
12 1 5 3 6 2 4 0
54 2 6 3 5 4 1 0
9 3 5 1 4 2 6 0
9 1 5 3 6 4 2 0
33 2 6 3 5 1 4 0
12 3 4 6 5 2 1 0
14 1 2 4 5 6 3 0
11 2 6 3 4 5 1 0
93 3 5 2 6 4 1 0
15 3 4 6 5 1 2 0
15 2 6 3 4 1 5 0
45 3 5 2 6 1 4 0
13 3 5 1 4 6 2 0
21 1 2 5 6 3 4 0
41 2 5 3 6 1 4 0
21 3 6 2 4 1 5 0
13 6 5 3 1 2 4 0
10 1 6 3 5 4 2 0
21 3 6 2 4 5 1 0
6 6 5 3 1 4 2 0
10 1 6 3 5 2 4 0
66 2 5 3 6 4 1 0
37 6 5 3 2 4 1 0
12 1 6 3 4 5 2 0
13 6 2 5 4 1 3 0
59 3 6 2 5 1 4 0
75 3 6 2 5 4 1 0
13 1 6 3 4 2 5 0
21 6 2 5 1 3 4 0
26 6 5 3 2 1 4 0
21 6 2 5 4 3 1 0
16 6 2 5 1 4 3 0
11 6 5 3 4 1 2 0
5 6 5 3 4 2 1 0
15 1 6 3 2 5 4 0
20 3 6 2 1 5 4 0
8 1 6 3 2 4 5 0
23 3 6 2 1 4 5 0
12 6 2 4 1 3 5 0
18 2 5 3 1 6 4 0
15 2 1 6 5 4 3 0
18 2 5 3 1 4 6 0
17 3 6 1 2 5 4 0
13 3 6 1 2 4 5 0
14 6 2 4 5 1 3 0
9 2 1 6 4 5 3 0
19 6 2 4 5 3 1 0
6 3 6 1 5 4 2 0
28 2 5 3 4 1 6 0
9 2 1 6 4 3 5 0
18 3 6 1 5 2 4 0
8 6 2 4 1 5 3 0
8 6 2 1 3 5 4 0
19 3 6 1 4 5 2 0
8 6 2 1 3 4 5 0
19 3 6 1 4 2 5 0
21 2 5 3 4 6 1 0
5 2 1 6 5 3 4 0
7 6 2 1 4 5 3 0
19 3 6 4 1 5 2 0
11 3 6 4 1 2 5 0
9 3 6 4 2 1 5 0
8 6 2 1 5 4 3 0
25 3 6 4 2 5 1 0
14 6 2 1 5 3 4 0
14 2 1 6 3 4 5 0
19 3 6 4 5 1 2 0
22 2 1 6 3 5 4 0
16 3 6 4 5 2 1 0
19 6 2 4 3 5 1 0
13 6 2 1 4 3 5 0
14 6 2 4 3 1 5 0
61 3 6 5 2 4 1 0
42 3 6 5 2 1 4 0
20 3 6 5 1 2 4 0
20 3 6 5 1 4 2 0
15 3 6 5 4 1 2 0
27 6 2 5 3 1 4 0
16 3 6 5 4 2 1 0
44 6 2 5 3 4 1 0
10 6 1 2 4 5 3 0
9 2 1 4 3 6 5 0
14 2 4 3 5 1 6 0
13 2 1 4 3 5 6 0
4 6 1 5 3 4 2 0
12 6 1 2 5 4 3 0
10 6 1 5 3 2 4 0
13 2 4 3 5 6 1 0
11 2 4 3 1 5 6 0
12 6 1 2 5 3 4 0
10 6 1 2 4 3 5 0
9 2 4 3 1 6 5 0
11 6 1 4 3 2 5 0
9 6 1 4 3 5 2 0
10 2 1 5 3 4 6 0
15 6 4 3 5 2 1 0
10 2 1 5 3 6 4 0
5 6 4 3 5 1 2 0
13 6 4 3 2 5 1 0
10 6 4 3 2 1 5 0
19 2 4 3 6 1 5 0
18 6 4 3 1 2 5 0
4 6 4 3 1 5 2 0
15 2 4 3 6 5 1 0
10 2 1 4 6 5 3 0
10 2 1 5 4 3 6 0
8 6 1 4 2 5 3 0
11 6 1 4 5 3 2 0
13 6 1 4 2 3 5 0
8 6 1 4 5 2 3 0
18 2 1 5 4 6 3 0
10 2 1 4 6 3 5 0
9 2 1 4 5 3 6 0
10 6 1 5 2 4 3 0
13 2 1 5 6 4 3 0
6 6 1 5 4 3 2 0
10 2 1 5 6 3 4 0
9 6 1 5 4 2 3 0
11 2 1 4 5 6 3 0
8 6 1 2 3 4 5 0
10 6 1 2 3 5 4 0
9 6 1 5 2 3 4 0
19 2 1 3 4 6 5 0
1 3 2 1 6 5 0
13 2 4 1 5 3 6 0
15 2 1 3 5 4 6 0
5 6 4 2 1 3 5 0
12 6 4 5 3 2 1 0
39 2 5 6 4 3 1 0
10 6 4 2 5 1 3 0
17 2 5 6 1 4 3 0
5 6 4 5 3 1 2 0
13 2 1 3 5 6 4 0
9 2 1 3 4 5 6 0
1 3 2 1 5 4 0
21 2 5 6 1 3 4 0
14 2 4 1 5 6 3 0
3 3 2 5 6 4 0
4 3 2 5 6 1 0
2 3 2 4 5 6 0
20 6 4 2 5 3 1 0
30 2 5 6 4 1 3 0
1 3 2 4 5 1 0
4 3 2 4 6 5 0
4 3 2 5 1 6 0
1 3 2 5 4 6 0
1 3 1 6 4 2 0
1 3 2 5 4 1 0
11 6 4 2 1 5 3 0
9 6 1 3 4 5 2 0
1 3 2 6 5 1 0
3 3 2 6 5 4 0
9 2 4 1 6 5 3 0
1 3 2 6 4 1 0
1 3 1 5 4 6 0
2 3 2 6 4 5 0
1 3 2 6 1 5 0
5 6 1 3 4 2 5 0
2 3 1 5 2 6 0
10 2 4 5 3 1 6 0
1 3 1 4 6 2 0
1 3 1 4 5 2 0
6 6 4 1 5 3 2 0
11 6 1 3 5 4 2 0
1 3 1 4 5 6 0
1 3 1 4 2 6 0
14 6 1 3 5 2 4 0
17 2 4 5 3 6 1 0
10 6 4 1 2 5 3 0
1 3 1 2 6 5 0
8 6 4 1 5 2 3 0
8 6 1 3 2 4 5 0
9 6 4 1 2 3 5 0
12 6 1 3 2 5 4 0
18 2 1 3 6 5 4 0
8 2 1 3 6 4 5 0
11 2 4 1 6 3 5 0
1 3 1 2 5 6 0
1 3 1 2 4 6 0
8 6 4 1 3 5 2 0
23 5 3 6 4 2 1 0
4 6 4 1 3 2 5 0
14 5 3 6 4 1 2 0
4 3 4 5 6 2 0
13 2 4 5 1 6 3 0
64 5 3 6 2 1 4 0
2 3 4 2 6 5 0
1 3 5 6 4 2 0
1 3 4 1 5 6 0
3 3 5 6 1 2 0
2 3 5 6 2 4 0
101 5 3 6 2 4 1 0
1 3 4 1 2 5 0
7 2 4 5 1 3 6 0
12 5 3 6 1 4 2 0
22 5 3 6 1 2 4 0
1 3 4 2 5 6 0
1 3 4 1 6 2 0
7 2 4 1 3 6 5 0
1 3 5 4 1 6 0
1 3 5 4 2 6 0
3 3 5 4 1 2 0
13 6 4 5 2 1 3 0
2 3 5 4 6 2 0
1 3 5 4 6 1 0
7 6 4 5 1 2 3 0
72 2 5 6 3 4 1 0
13 2 4 5 6 1 3 0
18 2 4 1 3 5 6 0
43 2 5 6 3 1 4 0
2 3 5 1 6 2 0
5 3 5 2 4 6 0
9 6 4 5 1 3 2 0
23 2 4 5 6 3 1 0
1 3 5 2 1 6 0
1 3 5 1 2 4 0
1 3 5 1 2 6 0
10 6 4 2 3 1 5 0
12 6 4 5 2 3 1 0
1 3 4 6 5 2 0
6 3 5 2 6 4 0
7 6 4 2 3 5 1 0
2 3 5 2 6 1 0
1 3 6 2 4 1 0
3 3 6 2 4 5 0
2 3 6 2 5 1 0
21 2 5 1 6 3 4 0
2 3 6 2 5 4 0
12 5 3 4 1 2 6 0
22 5 3 4 2 6 1 0
2 3 6 2 1 5 0
13 6 5 1 4 2 3 0
1 3 6 2 1 4 0
11 1 6 4 3 2 5 0
18 5 3 4 1 6 2 0
6 6 5 1 2 3 4 0
16 5 3 4 2 1 6 0
7 1 6 4 3 5 2 0
4 3 6 4 2 5 0
6 3 6 4 5 2 0
10 6 5 1 2 4 3 0
4 3 6 5 2 4 0
2 3 6 5 2 1 0
2 3 6 5 1 2 0
15 2 5 1 6 4 3 0
10 6 5 1 4 3 2 0
1 3 6 5 1 4 0
2 3 6 5 4 1 0
5 3 6 5 4 2 0
10 6 5 4 3 1 2 0
19 6 5 4 3 2 1 0
13 1 6 2 5 4 3 0
18 2 5 1 4 6 3 0
10 1 6 5 3 4 2 0
14 2 4 6 5 1 3 0
16 6 5 2 4 3 1 0
9 6 5 2 1 4 3 0
11 1 6 5 3 2 4 0
14 2 4 6 1 3 5 0
8 1 6 2 4 5 3 0
13 5 3 4 6 1 2 0
33 5 3 4 6 2 1 0
20 2 5 4 3 1 6 0
12 2 4 6 1 5 3 0
11 1 6 2 4 3 5 0
18 2 5 1 4 3 6 0
26 2 5 4 3 6 1 0
14 1 6 2 5 3 4 0
7 6 5 2 4 1 3 0
18 2 4 6 5 3 1 0
16 6 5 2 1 3 4 0
23 6 5 2 3 1 4 0
10 1 6 5 4 3 2 0
62 6 5 2 3 4 1 0
14 6 2 3 1 5 4 0
23 5 3 2 4 1 6 0
9 6 2 3 1 4 5 0
13 5 3 1 6 4 2 0
7 1 6 5 2 4 3 0
12 2 5 4 1 3 6 0
20 5 3 1 6 2 4 0
31 5 3 2 4 6 1 0
8 1 6 2 3 5 4 0
12 1 6 2 3 4 5 0
17 6 2 3 5 1 4 0
19 2 4 6 3 5 1 0
13 1 6 5 2 3 4 0
43 6 2 3 5 4 1 0
12 2 5 1 3 4 6 0
13 2 4 6 3 1 5 0
25 5 3 2 1 6 4 0
20 5 3 2 1 4 6 0
11 2 5 1 3 6 4 0
19 2 5 4 1 6 3 0
15 6 2 3 4 1 5 0
22 6 2 3 4 5 1 0
11 1 6 5 4 2 3 0
15 1 6 4 2 5 3 0
9 6 5 4 1 3 2 0
31 2 5 4 6 3 1 0
23 5 3 1 2 6 4 0
14 1 6 4 5 3 2 0
17 5 3 1 2 4 6 0
11 6 5 4 2 3 1 0
13 5 3 1 4 6 2 0
69 5 3 2 6 1 4 0
18 6 5 4 2 1 3 0
101 5 3 2 6 4 1 0
12 6 5 1 3 4 2 0
14 1 6 4 2 3 5 0
10 5 3 1 4 2 6 0
8 1 6 4 5 2 3 0
23 2 5 4 6 1 3 0
11 6 5 1 3 2 4 0
17 6 5 4 1 2 3 0
3 4 6 3 1 0
16 5 1 3 0
552 5 0
15 4 6 3 0
106 5 4 0
33 5 4 1 0
5 4 6 3 1 5 2 0
8 5 4 1 2 0
284 4 0
55 5 4 2 0
50 2 3 0
2 4 6 3 2 0
14 5 1 3 4 6 2 0
285 1 0
172 5 2 0
32 2 3 6 0
3 4 6 3 5 0
16 5 4 2 6 0
1 5 1 3 2 0
1 4 6 3 1 2 0
34 4 6 0
61 5 1 0
333 2 0
65 4 5 0
5 5 4 1 2 6 0
18 2 3 4 0
2 5 4 1 6 0
20 5 4 6 0
37 2 3 5 0
99 5 6 0
61 4 1 0
57 1 3 0
5 5 4 2 1 0
3 4 6 3 2 5 0
3 5 1 3 6 0
54 4 2 0
9 2 3 1 0
72 5 2 3 0
263 6 0
39 5 2 4 0
40 1 5 0
54 2 6 0
4 2 3 6 4 0
52 5 4 2 6 3 1 0
17 5 1 6 0
25 2 3 6 5 0
59 1 4 0
5 5 4 2 3 0
3 4 6 3 5 2 0
54 4 3 0
21 5 2 1 0
1 5 1 3 2 6 0
1 2 3 6 1 0
1 4 6 3 5 1 0
30 1 2 0
35 5 4 3 0
7 4 6 1 0
11 5 1 2 0
12 4 6 3 1 2 5 0
19 4 6 2 0
1 5 1 3 2 4 0
36 2 1 0
1 5 4 1 3 0
14 4 6 5 0
1 5 4 2 6 1 0
41 2 4 0
370 3 0
143 5 2 6 0
100 5 3 0
43 1 6 0
80 2 5 0
15 5 1 4 0
1 2 3 4 1 0
20 4 2 3 0
29 2 3 5 6 0
59 6 3 0
12 4 5 1 0
2 2 3 4 5 0
35 4 5 2 0
1 5 4 2 1 3 0
1 2 3 5 1 0
15 4 6 3 2 1 5 0
8 5 1 3 4 2 6 0
2 2 3 5 4 0
1 5 4 6 1 0
18 4 1 3 0
6 5 4 6 2 0
46 5 6 3 0
21 4 5 6 0
24 5 6 4 0
48 5 2 3 6 0
4 2 3 1 6 0
19 4 1 5 0
14 1 3 2 0
19 4 2 6 0
15 4 1 2 0
17 1 3 5 0
4 5 4 6 3 0
84 5 6 2 0
20 1 3 4 0
21 5 6 1 0
19 4 2 1 0
55 6 2 0
1 5 4 2 1 6 0
6 5 2 3 1 0
10 1 3 6 0
34 6 1 0
10 4 1 6 0
3 5 2 3 4 0
34 4 2 5 0
17 4 6 3 2 5 1 0
31 4 5 3 0
33 6 4 0
61 6 5 0
145 5 4 1 2 6 3 0
2 2 3 1 4 0
10 1 2 3 0
15 2 6 4 0
2 2 3 6 4 5 0
45 2 6 5 0
13 1 5 4 0
1 5 2 4 1 0
8 1 4 6 0
1 5 2 1 3 0
10 2 6 1 0
8 1 5 2 0
10 1 4 5 0
3 5 1 6 4 0
2 2 3 6 5 4 0
7 1 4 2 0
5 2 3 6 5 1 0
16 1 5 6 0
1 5 1 6 2 0
5 5 2 4 6 0
6 4 6 3 5 2 1 0
16 4 3 1 0
19 4 3 2 0
13 1 2 6 0
14 4 3 5 0
1 5 1 6 3 0
22 1 4 3 0
3 5 2 1 6 0
11 5 1 3 2 6 4 0
4 5 2 1 4 0
1 2 3 6 1 5 0
20 4 3 6 0
14 1 5 3 0
13 4 6 3 5 1 2 0
16 1 2 5 0
4 5 2 4 3 0
4 5 4 2 3 6 0
42 2 6 3 0
11 1 2 4 0
14 1 6 3 0
2 5 4 1 3 6 0
10 2 1 6 0
1 4 6 1 5 0
10 5 1 3 2 4 6 0
1 5 1 4 3 0
39 2 5 3 0
19 5 4 1 2 3 6 0
2 5 4 3 1 0
1 4 6 1 2 0
4 5 1 2 6 0
8 5 4 3 2 0
17 2 4 3 0
2 4 6 2 1 0
1 5 1 2 4 0
84 5 2 6 3 0
2 4 6 5 3 0
12 2 1 5 0
3 4 6 2 5 0
34 5 4 2 6 1 3 0
2 5 4 3 6 0
10 2 1 4 0
7 2 1 3 0
4 4 6 2 3 0
7 2 4 1 0
55 2 5 6 0
65 3 2 0
46 3 1 0
2 5 2 6 1 0
54 3 4 0
52 5 3 6 0
2 4 6 5 1 0
5 5 2 6 4 0
1 5 1 2 3 0
24 2 4 5 0
3 4 6 5 2 0
80 3 5 0
1 5 1 4 2 0
40 5 3 4 0
66 3 6 0
12 2 5 1 0
13 2 4 6 0
7 1 6 2 0
21 2 5 4 0
78 5 3 2 0
11 1 6 5 0
2 4 6 1 3 0
18 5 3 1 0
6 1 6 4 0
4 4 5 2 3 0
1 4 2 3 1 0
3 2 3 5 6 1 0
2 2 3 5 6 4 0
2 4 2 3 5 0
2 4 2 3 6 0
30 6 3 5 0
22 6 3 4 0
12 6 3 1 0
36 6 3 2 0
6 4 5 2 6 0
2 4 5 1 2 0
1 2 3 4 5 6 0
2 4 5 2 1 0
22 5 4 1 6 2 3 0
3 4 5 1 6 0
2 4 5 6 3 0
5 5 4 6 2 3 0
2 2 3 5 1 6 0
30 5 4 2 1 3 6 0
1 2 3 4 6 5 0
1 4 1 3 6 0
1 5 6 3 1 0
9 4 5 6 2 0
1 4 1 3 5 0
1 4 5 6 1 0
49 5 6 3 2 0
4 5 6 3 4 0
2 5 4 6 2 1 0
2 2 3 5 4 6 0
1 5 2 3 6 1 0
1 1 3 2 6 0
7 5 6 4 2 0
3 5 6 1 3 0
49 5 6 2 3 0
1 2 3 1 6 4 0
4 4 1 5 2 0
1 1 3 2 4 0
1 4 1 2 3 0
1 1 3 2 5 0
4 4 2 6 5 0
2 4 1 2 5 0
1 1 3 5 4 0
5 5 6 2 1 0
4 4 2 6 3 0
2 5 4 6 3 2 0
3 1 3 5 2 0
1 1 3 4 6 0
6 5 6 2 4 0
3 1 3 4 5 0
1 5 6 1 2 0
1 1 3 5 6 0
1 1 3 4 2 0
2 4 1 2 6 0
4 5 6 4 3 0
29 6 2 5 0
17 6 5 3 0
12 6 2 4 0
13 6 2 1 0
2 5 2 3 1 6 0
12 5 1 3 6 4 2 0
8 6 1 2 0
13 6 4 3 0
2 1 3 6 4 0
9 6 1 4 0
2 4 1 6 3 0
2 4 2 5 3 0
13 5 4 1 6 3 2 0
1 4 2 1 6 0
5 6 1 5 0
11 6 4 2 0
1 4 1 6 5 0
2 4 5 3 2 0
11 6 1 3 0
12 6 4 1 0
1 5 2 3 4 1 0
9 6 4 5 0
1 4 1 6 2 0
12 6 5 1 0
5 4 5 3 6 0
12 5 1 3 6 2 4 0
38 6 5 2 0
4 2 3 1 5 6 0
2 4 2 5 6 0
36 5 4 2 1 6 3 0
27 6 2 3 0
1 4 2 1 3 0
3 5 2 3 4 6 0
17 6 5 4 0
3 1 2 3 5 0
2 1 5 2 3 0
2 2 6 1 3 0
1 1 4 6 3 0
2 1 5 4 2 0
8 2 6 5 4 0
1 5 2 4 1 3 0
14 2 3 6 4 5 1 0
1 1 2 3 6 0
1 1 4 6 2 0
1 1 5 2 6 0
23 2 6 5 3 0
1 2 6 1 4 0
2 5 2 1 3 6 0
2 2 6 1 5 0
21 2 3 6 4 1 5 0
3 2 6 4 3 0
1 5 2 4 6 3 0
2 1 5 6 3 0
1 1 4 5 6 0
1 1 4 2 3 0
54 2 3 6 5 4 1 0
4 1 4 5 2 0
2 1 4 5 3 0
1 1 4 2 5 0
32 2 3 6 5 1 4 0
2 1 5 6 4 0
1 5 2 4 6 1 0
1 1 4 2 6 0
3 1 5 6 2 0
4 5 2 1 6 3 0
1 4 3 1 2 0
2 4 3 2 6 0
1 1 2 6 4 0
3 4 3 1 6 0
2 4 3 2 5 0
2 1 2 6 5 0
2 5 1 6 3 2 0
2 4 3 5 1 0
1 5 1 6 3 4 0
2 1 2 6 3 0
4 4 3 5 6 0
19 5 4 2 3 1 6 0
2 1 4 3 2 0
1 1 4 3 5 0
1 5 2 1 6 4 0
2 1 2 4 3 0
19 2 3 6 1 4 5 0
1 5 2 1 4 6 0
1 4 3 6 5 0
21 2 3 6 1 5 4 0
2 4 3 6 2 0
1 1 5 3 4 0
1 1 2 4 6 0
4 1 2 5 4 0
2 1 5 3 2 0
2 2 6 3 1 0
2 5 2 4 3 6 0
3 1 2 5 6 0
2 1 2 4 5 0
26 2 6 3 5 0
1 1 5 3 6 0
5 2 6 3 4 0
45 5 4 2 3 6 1 0
1 1 6 3 5 0
21 5 4 1 3 6 2 0
32 2 5 3 6 0
1 1 6 3 2 0
2 2 1 6 5 0
7 2 5 3 1 0
2 2 5 3 4 0
1 5 4 3 2 6 0
1 2 1 6 3 0
1 5 1 2 6 4 0
5 2 4 3 5 0
2 2 1 4 3 0
1 5 1 2 4 6 0
1 2 4 3 1 0
25 5 4 1 3 2 6 0
4 2 1 5 3 0
5 5 2 6 3 4 0
3 2 4 3 6 0
4 5 2 6 3 1 0
2 2 1 4 6 0
1 4 6 5 3 2 0
2 2 1 5 4 0
1 5 4 3 6 1 0
3 5 4 3 6 2 0
1 2 1 5 6 0
3 2 1 4 5 0
1 2 1 3 5 0
1 4 6 2 3 5 0
1 2 5 6 1 0
19 3 2 1 0
3 2 1 3 4 0
5 2 5 6 4 0
21 3 2 4 0
3 4 6 5 2 3 0
1 2 4 1 5 0
38 3 2 5 0
12 3 1 6 0
1 2 4 5 3 0
35 3 2 6 0
8 3 1 5 0
3 5 2 6 4 3 0
22 3 1 4 0
2 2 1 3 6 0
3 5 2 6 1 4 0
9 3 1 2 0
2 5 2 6 1 3 0
5 5 3 6 4 0
20 3 4 5 0
1 5 2 6 4 1 0
2 2 4 5 1 0
26 3 4 1 0
45 3 5 6 0
42 5 3 6 2 0
1 5 3 6 1 0
14 3 4 2 0
19 3 5 4 0
37 2 5 6 3 0
44 3 5 2 0
1 4 6 5 2 1 0
16 3 5 1 0
21 3 4 6 0
41 3 6 2 0
2 5 3 4 1 0
3 5 3 4 2 0
11 3 6 1 0
1 1 6 4 3 0
25 3 6 4 0
3 2 5 1 6 0
32 3 6 5 0
1 1 6 2 5 0
2 2 4 6 5 0
1 5 3 4 6 0
1 2 5 1 4 0
2 1 6 2 4 0
1 5 1 4 2 6 0
2 2 4 6 1 0
4 2 5 4 3 0
4 5 3 2 4 0
2 1 6 5 2 0
3 2 5 4 1 0
3 1 6 2 3 0
4 2 4 6 3 0
1 2 5 1 3 0
2 5 3 2 1 0
1 1 6 5 4 0
3 5 3 1 2 0
51 5 3 2 6 0
1 5 1 4 2 3 0
3 5 3 1 4 0
3 2 5 4 6 0
5 6 3 5 1 2 4 0
3 4 5 2 3 6 0
1 4 5 2 3 1 0
30 2 3 5 6 1 4 0
53 2 3 5 6 4 1 0
15 2 3 4 1 5 6 0
11 6 3 5 1 4 2 0
2 4 2 3 5 6 0
2 4 2 3 5 1 0
2 6 3 5 1 0
22 6 3 5 2 0
3 4 2 3 6 5 0
14 2 3 4 1 6 5 0
5 6 3 5 4 0
8 6 3 4 2 0
38 6 3 5 2 4 1 0
2 6 3 4 1 0
25 6 3 5 2 1 4 0
2 6 3 1 4 0
27 6 3 2 5 0
4 6 3 2 4 0
2 6 3 2 1 0
16 2 3 4 5 1 6 0
3 4 5 2 6 3 0
1 4 5 2 1 6 0
22 6 3 5 4 2 1 0
17 2 3 4 5 6 1 0
8 6 3 5 4 1 2 0
1 4 5 1 6 2 0
2 4 5 6 3 2 0
11 6 3 4 2 1 5 0
29 5 4 6 2 3 1 0
15 6 3 4 2 5 1 0
21 2 3 5 1 6 4 0
18 2 3 4 6 5 1 0
10 5 4 6 1 3 2 0
8 6 3 4 1 5 2 0
18 2 3 5 1 4 6 0
10 2 3 4 6 1 5 0
15 6 3 4 1 2 5 0
15 5 4 6 1 2 3 0
15 2 3 5 4 1 6 0
1 5 6 3 1 4 0
23 5 4 6 2 1 3 0
2 5 6 3 2 1 0
1 5 6 3 2 4 0
19 6 3 4 5 2 1 0
6 6 3 4 5 1 2 0
13 2 3 5 4 6 1 0
2 5 6 3 4 2 0
1 4 5 6 2 3 0
56 5 2 3 6 1 4 0
1 5 6 4 2 3 0
10 6 3 1 2 4 5 0
130 5 2 3 6 4 1 0
1 5 6 1 3 2 0
12 6 3 1 2 5 4 0
1 5 6 2 3 4 0
15 2 3 1 6 5 4 0
3 4 2 6 5 3 0
11 2 3 1 6 4 5 0
1 4 2 6 1 5 0
1 1 3 2 4 5 0
3 1 3 2 5 6 0
7 6 3 1 4 5 2 0
1 5 6 2 4 3 0
1 5 6 2 1 4 0
3 4 2 6 3 5 0
1 4 1 2 5 6 0
21 5 4 6 3 2 1 0
2 5 6 2 4 1 0
14 5 4 6 3 1 2 0
3 5 6 2 1 3 0
11 6 3 1 4 2 5 0
1 1 3 4 5 2 0
1 5 6 1 4 2 0
9 6 3 1 5 4 2 0
1 1 3 4 5 6 0
1 1 3 5 6 2 0
1 1 3 4 2 6 0
15 6 3 1 5 2 4 0
1 5 6 4 3 1 0
1 5 6 4 3 2 0
1 4 1 2 6 5 0
2 6 5 3 1 0
3 6 2 5 4 0
16 6 5 3 2 0
1 6 2 5 1 0
32 6 3 2 5 1 4 0
2 6 5 3 4 0
4 6 2 4 5 0
1 6 2 1 3 0
3 6 2 4 1 0
1 6 2 1 4 0
1 6 2 1 5 0
22 5 2 3 1 6 4 0
3 6 2 4 3 0
58 6 3 2 5 4 1 0
23 6 2 5 3 0
1 6 1 2 4 0
1 6 1 2 5 0
3 1 3 6 2 5 0
10 6 3 2 4 1 5 0
1 6 1 4 3 0
3 6 4 3 5 0
3 6 4 3 2 0
20 5 2 3 1 4 6 0
1 6 1 4 2 0
2 6 1 5 2 0
1 6 1 5 4 0
2 1 3 6 5 2 0
1 6 1 2 3 0
1 4 2 1 6 5 0
24 6 3 2 4 5 1 0
1 4 5 3 2 1 0
1 4 2 5 1 3 0
1 6 4 2 5 0
14 2 3 1 4 6 5 0
2 6 4 5 3 0
1 4 1 6 5 2 0
1 6 1 3 4 0
4 4 5 3 2 6 0
2 6 1 3 5 0
1 6 4 1 3 0
1 4 2 5 1 6 0
17 6 3 2 1 4 5 0
7 2 3 1 5 4 6 0
18 5 2 3 4 1 6 0
20 6 3 2 1 5 4 0
2 6 4 5 2 0
1 4 1 6 5 3 0
5 6 4 2 3 0
1 6 5 1 4 0
1 4 5 3 6 2 0
3 6 5 4 3 0
1 6 5 2 1 0
5 6 5 2 4 0
14 2 3 1 5 6 4 0
8 2 3 1 4 5 6 0
2 6 2 3 1 0
19 6 5 2 3 0
36 5 2 3 4 6 1 0
26 6 2 3 5 0
1 4 2 1 3 5 0
1 6 2 3 4 0
2 6 5 4 2 0
1 6 5 1 3 0
1 6 5 4 1 0
1 1 2 3 5 6 0
3 2 6 4 5 3 0
1 1 4 6 3 5 0
1 2 6 5 1 3 0
1 2 6 5 4 1 0
1 2 6 5 4 3 0
1 2 6 5 1 4 0
22 5 2 4 1 3 6 0
1 1 5 4 3 2 0
3 1 5 2 6 3 0
1 1 5 2 6 4 0
3 2 6 5 3 4 0
1 1 4 6 5 2 0
3 2 6 5 3 1 0
21 5 2 1 3 4 6 0
1 2 6 1 4 5 0
19 5 2 1 3 6 4 0
37 5 2 4 1 6 3 0
1 1 5 2 4 6 0
1 2 6 4 3 5 0
1 2 6 1 4 3 0
44 5 2 4 6 3 1 0
18 5 1 6 2 3 4 0
9 5 1 6 4 2 3 0
1 1 4 2 3 6 0
12 5 1 6 4 3 2 0
1 1 4 2 6 5 0
1 1 5 6 2 3 0
9 5 1 6 2 4 3 0
37 5 2 4 6 1 3 0
34 5 2 1 6 3 4 0
2 4 3 2 6 5 0
2 4 3 2 5 6 0
1 4 3 1 6 5 0
2 1 2 6 5 3 0
1 4 3 2 1 6 0
1 4 3 2 1 5 0
13 5 1 6 3 2 4 0
2 4 3 5 2 6 0
10 5 1 6 3 4 2 0
2 4 3 5 6 2 0
21 5 2 1 6 4 3 0
1 1 4 3 5 2 0
26 5 2 1 4 6 3 0
1 1 2 4 3 5 0
1 1 2 5 3 6 0
1 4 3 6 5 2 0
4 4 3 6 2 5 0
19 5 2 4 3 1 6 0
1 1 2 4 6 5 0
15 5 2 1 4 3 6 0
40 5 2 4 3 6 1 0
5 2 6 3 5 4 0
1 1 5 3 6 4 0
4 2 6 3 5 1 0
1 2 6 3 4 5 0
1 2 6 3 4 1 0
2 1 2 5 6 3 0
26 5 1 2 6 3 4 0
3 1 6 3 5 2 0
1 1 6 3 4 2 0
14 5 1 4 3 6 2 0
3 1 6 3 2 5 0
1 1 6 3 2 4 0
13 4 6 1 5 2 3 0
11 4 6 1 2 3 5 0
2 2 1 6 5 3 0
13 5 1 4 3 2 6 0
34 5 4 3 2 6 1 0
10 4 6 1 2 5 3 0
9 4 6 1 5 3 2 0
1 2 1 6 3 5 0
23 5 4 3 1 2 6 0
19 5 1 2 6 4 3 0
34 5 4 3 2 1 6 0
20 5 4 3 1 6 2 0
1 2 1 4 3 5 0
9 4 6 2 1 5 3 0
16 5 1 2 4 6 3 0
1 2 4 3 5 6 0
187 5 2 6 3 4 1 0
19 4 6 2 5 3 1 0
1 2 4 3 6 5 0
94 5 2 6 3 1 4 0
9 4 6 2 5 1 3 0
15 4 6 5 3 2 1 0
15 5 1 2 4 3 6 0
5 4 6 5 3 1 2 0
16 5 4 3 6 1 2 0
7 4 6 2 1 3 5 0
27 5 4 3 6 2 1 0
1 2 1 5 6 3 0
1 2 1 3 4 6 0
4 3 2 1 6 0
1 2 5 6 4 3 0
2 2 1 3 5 6 0
18 5 1 4 6 2 3 0
3 3 2 1 4 0
16 4 6 2 3 5 1 0
4 3 2 1 5 0
22 3 2 5 6 0
3 3 2 4 5 0
2 3 2 4 6 0
1 3 1 6 2 0
2 3 2 5 1 0
14 4 6 2 3 1 5 0
1 3 1 6 4 0
14 4 6 5 2 3 1 0
6 3 2 5 4 0
1 3 1 5 4 0
27 3 2 6 5 0
40 5 2 6 1 4 3 0
8 4 6 5 1 3 2 0
3 3 2 6 4 0
1 3 1 5 2 0
1 3 2 6 1 0
2 3 1 4 6 0
1 2 4 1 6 5 0
54 5 2 6 4 3 1 0
1 3 1 5 6 0
1 3 1 4 2 0
3 2 4 5 3 6 0
2 2 1 3 6 5 0
1 2 1 3 6 4 0
1 2 4 1 6 3 0
2 3 1 2 5 0
37 5 2 6 1 3 4 0
3 3 4 5 2 0
1 5 3 6 4 2 0
1 3 4 5 1 0
3 3 4 5 6 0
4 3 4 2 6 0
3 5 3 6 2 1 0
3 3 4 1 5 0
14 5 1 2 3 4 6 0
8 4 6 5 1 2 3 0
1 3 5 6 1 0
4 5 3 6 2 4 0
25 3 5 6 2 0
1 3 4 1 2 0
47 5 2 6 4 1 3 0
1 2 4 5 1 3 0
4 3 4 2 5 0
2 3 4 1 6 0
14 4 6 5 2 1 3 0
3 3 5 4 2 0
3 3 5 4 1 0
3 2 5 6 3 4 0
5 3 5 4 6 0
18 5 1 2 3 6 4 0
3 2 5 6 3 1 0
1 3 5 1 6 0
5 3 5 2 4 0
2 2 4 5 6 3 0
3 3 5 2 1 0
4 3 4 6 2 0
10 5 1 4 6 3 2 0
3 3 5 1 4 0
38 3 5 2 6 0
1 5 3 4 1 2 0
5 3 6 2 4 0
26 3 6 2 5 0
3 5 3 4 2 6 0
2 3 6 1 2 0
2 3 6 1 5 0
1 3 6 1 4 0
3 3 6 4 1 0
1 3 6 4 2 0
2 3 6 4 5 0
31 3 6 5 2 0
2 3 6 5 1 0
1 2 5 1 6 4 0
2 3 6 5 4 0
1 2 5 1 4 6 0
28 5 1 4 2 6 3 0
1 5 3 4 6 1 0
5 5 3 4 6 2 0
1 2 5 4 3 1 0
1 2 4 6 1 5 0
2 2 4 6 5 3 0
1 1 6 5 4 3 0
2 2 5 4 1 3 0
3 5 3 2 4 6 0
1 1 6 2 3 5 0
1 2 4 6 3 5 0
1 2 5 1 3 4 0
2 5 3 2 1 6 0
1 5 3 2 1 4 0
1 2 5 4 6 3 0
1 5 3 1 2 6 0
15 4 6 1 3 2 5 0
16 4 6 1 3 5 2 0
19 5 1 4 2 3 6 0
5 5 3 2 6 1 0
2 5 3 2 6 4 0
1 1 6 4 5 2 0
16 4 2 3 1 6 5 0
19 4 5 2 3 6 1 0
9 4 2 3 1 5 6 0
16 4 5 2 3 1 6 0
19 4 2 3 5 6 1 0
13 4 2 3 5 1 6 0
1 6 3 5 1 2 0
12 4 2 3 6 1 5 0
2 6 3 5 2 4 0
1 6 3 5 2 1 0
17 4 2 3 6 5 1 0
4 6 3 4 2 5 0
2 6 3 4 5 2 0
12 4 5 1 3 2 6 0
1 6 3 2 5 1 0
12 4 5 1 3 6 2 0
4 6 3 2 5 4 0
3 6 3 2 4 5 0
1 6 3 2 1 5 0
10 4 5 1 2 3 6 0
16 4 5 2 6 1 3 0
22 4 5 1 2 6 3 0
28 4 5 2 6 3 1 0
11 4 5 1 6 3 2 0
19 4 5 2 1 6 3 0
10 4 5 2 1 3 6 0
16 4 5 1 6 2 3 0
22 4 5 6 3 2 1 0
8 4 5 6 3 1 2 0
15 4 1 3 6 5 2 0
17 4 1 3 6 2 5 0
16 4 5 6 2 1 3 0
14 4 1 3 5 2 6 0
17 5 6 3 1 4 2 0
15 5 6 3 1 2 4 0
63 5 6 3 2 1 4 0
18 4 1 3 5 6 2 0
57 5 6 3 2 4 1 0
16 4 5 6 1 2 3 0
10 4 5 6 1 3 2 0
24 4 1 3 2 6 5 0
23 4 1 3 2 5 6 0
12 5 6 3 4 1 2 0
23 4 5 6 2 3 1 0
19 5 6 3 4 2 1 0
17 1 3 2 6 5 4 0
12 5 6 4 1 3 2 0
18 1 3 2 6 4 5 0
17 5 6 4 2 3 1 0
12 4 1 5 6 2 3 0
15 4 1 5 6 3 2 0
21 5 6 4 2 1 3 0
16 5 6 1 3 2 4 0
14 5 6 4 1 2 3 0
12 5 6 1 3 4 2 0
95 5 6 2 3 4 1 0
13 4 2 6 5 3 1 0
10 4 1 5 2 6 3 0
62 5 6 2 3 1 4 0
12 4 2 6 1 5 3 0
19 4 2 6 1 3 5 0
15 1 3 2 4 5 6 0
17 4 1 5 2 3 6 0
14 4 1 2 3 5 6 0
18 1 3 2 5 6 4 0
11 1 3 2 5 4 6 0
20 4 1 2 3 6 5 0
14 1 3 2 4 6 5 0
13 4 2 6 5 1 3 0
34 5 6 2 4 3 1 0
22 5 6 2 1 4 3 0
10 4 1 5 3 2 6 0
17 1 3 5 4 2 6 0
14 4 1 2 5 6 3 0
14 4 2 6 3 5 1 0
13 4 1 5 3 6 2 0
10 1 3 5 4 6 2 0
20 4 2 6 3 1 5 0
18 1 3 5 2 4 6 0
19 5 6 2 1 3 4 0
4 1 3 5 2 6 4 0
20 1 3 4 6 5 2 0
21 1 3 4 6 2 5 0
8 4 1 2 5 3 6 0
28 5 6 2 4 1 3 0
14 4 1 2 6 3 5 0
17 1 3 4 5 2 6 0
16 5 6 1 4 2 3 0
18 1 3 4 5 6 2 0
16 5 6 1 2 3 4 0
18 5 6 1 2 4 3 0
20 1 3 5 6 2 4 0
19 1 3 4 2 6 5 0
14 1 3 5 6 4 2 0
16 5 6 4 3 1 2 0
21 1 3 4 2 5 6 0
33 5 6 4 3 2 1 0
14 4 1 2 6 5 3 0
10 5 6 1 4 3 2 0
1 6 5 3 1 2 0
3 6 5 3 2 4 0
1 6 2 5 4 1 0
2 6 2 5 1 3 0
2 6 5 3 2 1 0
2 6 2 5 4 3 0
1 6 5 3 4 2 0
11 4 2 1 5 6 3 0
1 6 2 1 3 5 0
1 6 2 1 4 5 0
1 6 2 5 3 1 0
2 6 2 5 3 4 0
14 4 2 1 5 3 6 0
12 4 2 1 6 3 5 0
23 1 3 6 2 4 5 0
1 6 1 2 4 3 0
14 1 3 6 2 5 4 0
12 4 1 6 3 2 5 0
13 1 3 6 4 5 2 0
1 6 1 4 5 3 0
1 6 1 4 2 5 0
6 4 1 6 3 5 2 0
16 1 3 6 4 2 5 0
23 4 2 5 3 6 1 0
1 6 1 5 2 4 0
12 4 2 1 6 5 3 0
8 1 3 6 5 4 2 0
1 6 1 5 4 2 0
13 1 3 6 5 2 4 0
14 4 2 5 3 1 6 0
1 6 1 5 2 3 0
12 4 2 5 1 3 6 0
11 4 1 6 5 2 3 0
1 6 4 5 3 2 0
12 4 5 3 2 1 6 0
12 4 1 6 2 3 5 0
1 6 4 2 5 1 0
15 4 5 3 1 6 2 0
2 6 4 2 5 3 0
2 6 1 3 4 2 0
1 6 1 3 5 2 0
18 4 5 3 2 6 1 0
1 6 4 1 5 2 0
1 6 1 3 2 4 0
1 6 1 3 2 5 0
13 4 5 3 1 2 6 0
16 4 2 5 1 6 3 0
13 4 1 6 2 5 3 0
1 6 4 5 1 3 0
6 4 1 6 5 3 2 0
3 6 4 2 3 5 0
8 4 5 3 6 1 2 0
1 6 5 1 4 2 0
28 4 5 3 6 2 1 0
1 6 5 1 4 3 0
1 6 5 2 4 3 0
14 4 2 5 6 3 1 0
2 6 5 2 3 1 0
5 6 5 2 3 4 0
17 4 2 5 6 1 3 0
1 6 2 3 5 1 0
2 6 2 3 5 4 0
14 4 2 1 3 5 6 0
1 6 2 3 4 5 0
12 4 2 1 3 6 5 0
1 6 5 4 2 3 0
2 6 5 1 3 2 0
0
"Johnny Bones"
"blackgreen"
"Henry Ecker"
"Daniel Widdis"
"sideshowbarker"
"cigien"
"Stack Overflow Moderator Election 2022"
